    0.10000E-03    0.52350E+01
    0.10202E-03    0.53365E+01
    0.10408E-03    0.54399E+01
    0.10618E-03    0.55453E+01
    0.10833E-03    0.56528E+01
    0.11052E-03    0.57623E+01
    0.11275E-03    0.58740E+01
    0.11503E-03    0.59878E+01
    0.11735E-03    0.61039E+01
    0.11972E-03    0.62222E+01
    0.12214E-03    0.63427E+01
    0.12461E-03    0.64656E+01
    0.12712E-03    0.65909E+01
    0.12969E-03    0.67186E+01
    0.13231E-03    0.68488E+01
    0.13499E-03    0.69815E+01
    0.13771E-03    0.71168E+01
    0.14049E-03    0.72547E+01
    0.14333E-03    0.73953E+01
    0.14623E-03    0.75385E+01
    0.14918E-03    0.76846E+01
    0.15220E-03    0.78335E+01
    0.15527E-03    0.79852E+01
    0.15841E-03    0.81399E+01
    0.16161E-03    0.82976E+01
    0.16487E-03    0.84584E+01
    0.16820E-03    0.86222E+01
    0.17160E-03    0.87892E+01
    0.17507E-03    0.89595E+01
    0.17860E-03    0.91330E+01
    0.18221E-03    0.93099E+01
    0.18589E-03    0.94903E+01
    0.18965E-03    0.96741E+01
    0.19348E-03    0.98614E+01
    0.19739E-03    0.10052E+02
    0.20138E-03    0.10247E+02
    0.20544E-03    0.10445E+02
    0.20959E-03    0.10648E+02
    0.21383E-03    0.10854E+02
    0.21815E-03    0.11064E+02
    0.22255E-03    0.11278E+02
    0.22705E-03    0.11497E+02
    0.23164E-03    0.11719E+02
    0.23632E-03    0.11946E+02
    0.24109E-03    0.12177E+02
    0.24596E-03    0.12413E+02
    0.25093E-03    0.12653E+02
    0.25600E-03    0.12898E+02
    0.26117E-03    0.13148E+02
    0.26645E-03    0.13402E+02
    0.27183E-03    0.13661E+02
    0.27732E-03    0.13926E+02
    0.28292E-03    0.14195E+02
    0.28864E-03    0.14470E+02
    0.29447E-03    0.14750E+02
    0.30042E-03    0.15035E+02
    0.30649E-03    0.15326E+02
    0.31268E-03    0.15622E+02
    0.31899E-03    0.15924E+02
    0.32544E-03    0.16232E+02
    0.33201E-03    0.16546E+02
    0.33872E-03    0.16866E+02
    0.34556E-03    0.17192E+02
    0.35254E-03    0.17524E+02
    0.35966E-03    0.17862E+02
    0.36693E-03    0.18207E+02
    0.37434E-03    0.18559E+02
    0.38190E-03    0.18918E+02
    0.38962E-03    0.19283E+02
    0.39749E-03    0.19655E+02
    0.40552E-03    0.20035E+02
    0.41371E-03    0.20421E+02
    0.42207E-03    0.20816E+02
    0.43060E-03    0.21217E+02
    0.43929E-03    0.21626E+02
    0.44817E-03    0.22044E+02
    0.45722E-03    0.22469E+02
    0.46646E-03    0.22902E+02
    0.47588E-03    0.23343E+02
    0.48550E-03    0.23793E+02
    0.49530E-03    0.24252E+02
    0.50531E-03    0.24719E+02
    0.51552E-03    0.25195E+02
    0.52593E-03    0.25680E+02
    0.53656E-03    0.26174E+02
    0.54739E-03    0.26677E+02
    0.55845E-03    0.27191E+02
    0.56973E-03    0.27713E+02
    0.58124E-03    0.28246E+02
    0.59299E-03    0.28789E+02
    0.60496E-03    0.29342E+02
    0.61719E-03    0.29905E+02
    0.62965E-03    0.30479E+02
    0.64237E-03    0.31064E+02
    0.65535E-03    0.31660E+02
    0.66859E-03    0.32267E+02
    0.68210E-03    0.32885E+02
    0.69588E-03    0.33515E+02
    0.70993E-03    0.34157E+02
    0.72427E-03    0.34810E+02
    0.73891E-03    0.35476E+02
    0.75383E-03    0.36154E+02
    0.76906E-03    0.36845E+02
    0.78460E-03    0.37548E+02
    0.80045E-03    0.38265E+02
    0.81662E-03    0.38995E+02
    0.83311E-03    0.39738E+02
    0.84994E-03    0.40495E+02
    0.86711E-03    0.41265E+02
    0.88463E-03    0.42050E+02
    0.90250E-03    0.42849E+02
    0.92073E-03    0.43663E+02
    0.93933E-03    0.44491E+02
    0.95831E-03    0.45335E+02
    0.97767E-03    0.46194E+02
    0.99742E-03    0.47068E+02
    0.10176E-02    0.47958E+02
    0.10381E-02    0.48864E+02
    0.10591E-02    0.49786E+02
    0.10805E-02    0.50725E+02
    0.11023E-02    0.51680E+02
    0.11246E-02    0.52652E+02
    0.11473E-02    0.53641E+02
    0.11705E-02    0.54648E+02
    0.11941E-02    0.55672E+02
    0.12182E-02    0.56715E+02
    0.12429E-02    0.57775E+02
    0.12680E-02    0.58854E+02
    0.12936E-02    0.59951E+02
    0.13197E-02    0.61067E+02
    0.13464E-02    0.62203E+02
    0.13736E-02    0.63357E+02
    0.14013E-02    0.64531E+02
    0.14296E-02    0.65725E+02
    0.14585E-02    0.66939E+02
    0.14880E-02    0.68174E+02
    0.15180E-02    0.69428E+02
    0.15487E-02    0.70704E+02
    0.15800E-02    0.72000E+02
    0.16119E-02    0.73318E+02
    0.16445E-02    0.74657E+02
    0.16777E-02    0.76018E+02
    0.17116E-02    0.77400E+02
    0.17462E-02    0.78804E+02
    0.17814E-02    0.80231E+02
    0.18174E-02    0.81680E+02
    0.18541E-02    0.83151E+02
    0.18916E-02    0.84646E+02
    0.19298E-02    0.86163E+02
    0.19688E-02    0.87703E+02
    0.20086E-02    0.89267E+02
    0.20491E-02    0.90854E+02
    0.20905E-02    0.92465E+02
    0.21328E-02    0.94099E+02
    0.21758E-02    0.95758E+02
    0.22198E-02    0.97440E+02
    0.22646E-02    0.99146E+02
    0.23104E-02    0.10088E+03
    0.23571E-02    0.10263E+03
    0.24047E-02    0.10441E+03
    0.24533E-02    0.10622E+03
    0.25028E-02    0.10804E+03
    0.25534E-02    0.10990E+03
    0.26050E-02    0.11177E+03
    0.26576E-02    0.11368E+03
    0.27113E-02    0.11560E+03
    0.27660E-02    0.11755E+03
    0.28219E-02    0.11953E+03
    0.28789E-02    0.12153E+03
    0.29371E-02    0.12356E+03
    0.29964E-02    0.12561E+03
    0.30569E-02    0.12768E+03
    0.31187E-02    0.12978E+03
    0.31817E-02    0.13190E+03
    0.32460E-02    0.13405E+03
    0.33115E-02    0.13622E+03
    0.33784E-02    0.13841E+03
    0.34467E-02    0.14063E+03
    0.35163E-02    0.14287E+03
    0.35874E-02    0.14513E+03
    0.36598E-02    0.14741E+03
    0.37338E-02    0.14972E+03
    0.38092E-02    0.15205E+03
    0.38861E-02    0.15439E+03
    0.39646E-02    0.15676E+03
    0.40447E-02    0.15915E+03
    0.41264E-02    0.16156E+03
    0.42098E-02    0.16399E+03
    0.42948E-02    0.16644E+03
    0.43816E-02    0.16890E+03
    0.44701E-02    0.17138E+03
    0.45604E-02    0.17388E+03
    0.46525E-02    0.17639E+03
    0.47465E-02    0.17892E+03
    0.48424E-02    0.18146E+03
    0.49402E-02    0.18402E+03
    0.50400E-02    0.18658E+03
    0.51419E-02    0.18916E+03
    0.52457E-02    0.19175E+03
    0.53517E-02    0.19435E+03
    0.54598E-02    0.19695E+03
    0.55701E-02    0.19957E+03
    0.56826E-02    0.20218E+03
    0.57974E-02    0.20481E+03
    0.59145E-02    0.20743E+03
    0.60340E-02    0.21006E+03
    0.61559E-02    0.21269E+03
    0.62803E-02    0.21532E+03
    0.64072E-02    0.21794E+03
    0.65366E-02    0.22056E+03
    0.66686E-02    0.22318E+03
    0.68033E-02    0.22579E+03
    0.69408E-02    0.22839E+03
    0.70810E-02    0.23098E+03
    0.72240E-02    0.23355E+03
    0.73700E-02    0.23612E+03
    0.75189E-02    0.23866E+03
    0.76708E-02    0.24119E+03
    0.78257E-02    0.24370E+03
    0.79838E-02    0.24619E+03
    0.81451E-02    0.24865E+03
    0.83096E-02    0.25109E+03
    0.84775E-02    0.25350E+03
    0.86488E-02    0.25588E+03
    0.88235E-02    0.25823E+03
    0.90017E-02    0.26054E+03
    0.91836E-02    0.26281E+03
    0.93691E-02    0.26504E+03
    0.95583E-02    0.26724E+03
    0.97514E-02    0.26938E+03
    0.99484E-02    0.27148E+03
    0.10149E-01    0.27353E+03
    0.10354E-01    0.27553E+03
    0.10564E-01    0.27747E+03
    0.10777E-01    0.27935E+03
    0.10995E-01    0.28118E+03
    0.11217E-01    0.28294E+03
    0.11443E-01    0.28463E+03
    0.11675E-01    0.28625E+03
    0.11910E-01    0.28780E+03
    0.12151E-01    0.28928E+03
    0.12397E-01    0.29068E+03
    0.12647E-01    0.29200E+03
    0.12902E-01    0.29323E+03
    0.13163E-01    0.29438E+03
    0.13429E-01    0.29543E+03
    0.13700E-01    0.29640E+03
    0.13977E-01    0.29727E+03
    0.14259E-01    0.29804E+03
    0.14547E-01    0.29870E+03
    0.14841E-01    0.29927E+03
    0.15141E-01    0.29972E+03
    0.15447E-01    0.30006E+03
    0.15759E-01    0.30029E+03
    0.16077E-01    0.30041E+03
    0.16402E-01    0.30040E+03
    0.16734E-01    0.30027E+03
    0.17072E-01    0.30002E+03
    0.17416E-01    0.29973E+03
    0.17768E-01    0.29922E+03
    0.18127E-01    0.29858E+03
    0.18493E-01    0.29780E+03
    0.18867E-01    0.29689E+03
    0.19248E-01    0.29584E+03
    0.19637E-01    0.29466E+03
    0.20034E-01    0.29333E+03
    0.20438E-01    0.29187E+03
    0.20851E-01    0.29027E+03
    0.21272E-01    0.28852E+03
    0.21702E-01    0.28664E+03
    0.22141E-01    0.28458E+03
    0.22588E-01    0.28242E+03
    0.23044E-01    0.28012E+03
    0.23510E-01    0.27770E+03
    0.23985E-01    0.27513E+03
    0.24469E-01    0.27244E+03
    0.24964E-01    0.26963E+03
    0.25468E-01    0.26669E+03
    0.25982E-01    0.26363E+03
    0.26507E-01    0.26046E+03
    0.27043E-01    0.25720E+03
    0.27589E-01    0.25382E+03
    0.28146E-01    0.25034E+03
    0.28715E-01    0.24678E+03
    0.29295E-01    0.24313E+03
    0.29887E-01    0.23941E+03
    0.30490E-01    0.23562E+03
    0.31106E-01    0.23177E+03
    0.31735E-01    0.22787E+03
    0.32376E-01    0.22393E+03
    0.33030E-01    0.21996E+03
    0.33697E-01    0.21598E+03
    0.34378E-01    0.21198E+03
    0.35072E-01    0.20799E+03
    0.35781E-01    0.20401E+03
    0.36504E-01    0.20005E+03
    0.37241E-01    0.19613E+03
    0.37993E-01    0.19224E+03
    0.38761E-01    0.18835E+03
    0.39544E-01    0.18453E+03
    0.40343E-01    0.18079E+03
    0.41158E-01    0.17712E+03
    0.41989E-01    0.17355E+03
    0.42838E-01    0.17008E+03
    0.43703E-01    0.16672E+03
    0.44586E-01    0.16349E+03
    0.45486E-01    0.16037E+03
    0.46405E-01    0.15738E+03
    0.47343E-01    0.15451E+03
    0.48299E-01    0.15177E+03
    0.49275E-01    0.14914E+03
    0.50270E-01    0.14664E+03
    0.51286E-01    0.14424E+03
    0.52322E-01    0.14195E+03
    0.53379E-01    0.13975E+03
    0.54457E-01    0.13763E+03
    0.55557E-01    0.13560E+03
    0.56680E-01    0.13363E+03
    0.57825E-01    0.13171E+03
    0.58993E-01    0.12984E+03
    0.60184E-01    0.12820E+03
    0.61400E-01    0.12640E+03
    0.62641E-01    0.12461E+03
    0.63906E-01    0.12282E+03
    0.65197E-01    0.12101E+03
    0.66514E-01    0.11916E+03
    0.67858E-01    0.11724E+03
    0.69229E-01    0.11524E+03
    0.70627E-01    0.11314E+03
    0.72054E-01    0.11093E+03
    0.73510E-01    0.10859E+03
    0.74994E-01    0.10612E+03
    0.76509E-01    0.10352E+03
    0.78055E-01    0.10079E+03
    0.79632E-01    0.97959E+02
    0.81241E-01    0.95028E+02
    0.82882E-01    0.92027E+02
    0.84556E-01    0.88980E+02
    0.86264E-01    0.85915E+02
    0.88007E-01    0.82860E+02
    0.89785E-01    0.79842E+02
    0.91598E-01    0.76889E+02
    0.93449E-01    0.74024E+02
    0.95337E-01    0.71273E+02
    0.97263E-01    0.68656E+02
    0.99227E-01    0.66193E+02
    0.10123E+00    0.63902E+02
    0.10328E+00    0.61795E+02
    0.10536E+00    0.59881E+02
    0.10749E+00    0.58161E+02
    0.10966E+00    0.56631E+02
    0.11188E+00    0.55277E+02
    0.11414E+00    0.54079E+02
    0.11644E+00    0.53010E+02
    0.11880E+00    0.52037E+02
    0.12120E+00    0.51123E+02
    0.12365E+00    0.50229E+02
    0.12614E+00    0.49312E+02
    0.12869E+00    0.48335E+02
    0.13129E+00    0.47262E+02
    0.13394E+00    0.46071E+02
    0.13665E+00    0.44749E+02
    0.13941E+00    0.43301E+02
    0.14223E+00    0.41745E+02
    0.14510E+00    0.40111E+02
    0.14803E+00    0.38434E+02
    0.15102E+00    0.36752E+02
    0.15407E+00    0.35104E+02
    0.15718E+00    0.33526E+02
    0.16036E+00    0.32052E+02
    0.16360E+00    0.30716E+02
    0.16690E+00    0.29537E+02
    0.17028E+00    0.28526E+02
    0.17371E+00    0.27670E+02
    0.17722E+00    0.26945E+02
    0.18080E+00    0.26311E+02
    0.18446E+00    0.25728E+02
    0.18818E+00    0.25156E+02
    0.19198E+00    0.24558E+02
    0.19586E+00    0.23905E+02
    0.19982E+00    0.23174E+02
    0.20386E+00    0.22359E+02
    0.20797E+00    0.21471E+02
    0.21218E+00    0.20538E+02
    0.21646E+00    0.19597E+02
    0.22083E+00    0.18687E+02
    0.22530E+00    0.17842E+02
    0.22985E+00    0.17085E+02
    0.23449E+00    0.16430E+02
    0.23923E+00    0.15874E+02
    0.24406E+00    0.15397E+02
    0.24899E+00    0.14968E+02
    0.25402E+00    0.14553E+02
    0.25915E+00    0.14121E+02
    0.26439E+00    0.13654E+02
    0.26973E+00    0.13145E+02
    0.27518E+00    0.12602E+02
    0.28074E+00    0.12046E+02
    0.28641E+00    0.11503E+02
    0.29219E+00    0.10997E+02
    0.29810E+00    0.10544E+02
    0.30412E+00    0.10147E+02
    0.31026E+00    0.97960E+01
    0.31653E+00    0.94724E+01
    0.32292E+00    0.91563E+01
    0.32945E+00    0.88313E+01
    0.33610E+00    0.84902E+01
    0.34289E+00    0.81367E+01
    0.34982E+00    0.77835E+01
    0.35689E+00    0.74467E+01
    0.36409E+00    0.71372E+01
    0.37145E+00    0.68565E+01
    0.37895E+00    0.65995E+01
    0.38661E+00    0.63568E+01
    0.39442E+00    0.61167E+01
    0.40239E+00    0.58732E+01
    0.41052E+00    0.56289E+01
    0.41881E+00    0.53895E+01
    0.42727E+00    0.51613E+01
    0.43590E+00    0.49492E+01
    0.44471E+00    0.47521E+01
    0.45369E+00    0.45646E+01
    0.46286E+00    0.43819E+01
    0.47221E+00    0.42017E+01
    0.48174E+00    0.40246E+01
    0.49148E+00    0.38541E+01
    0.50141E+00    0.36926E+01
    0.51153E+00    0.35400E+01
    0.52187E+00    0.33947E+01
    0.53241E+00    0.32540E+01
    0.54317E+00    0.31170E+01
    0.55414E+00    0.29845E+01
    0.56533E+00    0.28576E+01
    0.57675E+00    0.27368E+01
    0.58840E+00    0.26215E+01
    0.60029E+00    0.25106E+01
    0.61242E+00    0.24034E+01
    0.62479E+00    0.23002E+01
    0.63741E+00    0.22014E+01
    0.65029E+00    0.21070E+01
    0.66342E+00    0.20166E+01
    0.67683E+00    0.19296E+01
    0.69050E+00    0.18460E+01
    0.70445E+00    0.17659E+01
    0.71868E+00    0.16892E+01
    0.73320E+00    0.16157E+01
    0.74801E+00    0.15452E+01
    0.76312E+00    0.14776E+01
    0.77854E+00    0.14128E+01
    0.79426E+00    0.13508E+01
    0.81031E+00    0.12913E+01
    0.82668E+00    0.12343E+01
    0.84338E+00    0.11798E+01
    0.86041E+00    0.11276E+01
    0.87780E+00    0.10776E+01
    0.89553E+00    0.10297E+01
    0.91362E+00    0.98373E+00
    0.93208E+00    0.93975E+00
    0.95091E+00    0.89773E+00
    0.97011E+00    0.85754E+00
    0.98971E+00    0.81908E+00
    0.10097E+01    0.78226E+00
    0.10301E+01    0.74699E+00
    0.10509E+01    0.71321E+00
    0.10721E+01    0.68094E+00
    0.10938E+01    0.65012E+00
    0.11159E+01    0.62064E+00
    0.11384E+01    0.59242E+00
    0.11614E+01    0.56541E+00
    0.11849E+01    0.53959E+00
    0.12088E+01    0.51495E+00
    0.12333E+01    0.49140E+00
    0.12582E+01    0.46887E+00
    0.12836E+01    0.44732E+00
    0.13095E+01    0.42673E+00
    0.13360E+01    0.40708E+00
    0.13630E+01    0.38831E+00
    0.13905E+01    0.37036E+00
    0.14186E+01    0.35320E+00
    0.14472E+01    0.33683E+00
    0.14765E+01    0.32120E+00
    0.15063E+01    0.30627E+00
    0.15367E+01    0.29199E+00
    0.15678E+01    0.27838E+00
    0.15994E+01    0.26538E+00
    0.16318E+01    0.25297E+00
    0.16647E+01    0.24111E+00
    0.16984E+01    0.22981E+00
    0.17327E+01    0.21902E+00
    0.17677E+01    0.20872E+00
    0.18034E+01    0.19888E+00
    0.18398E+01    0.18951E+00
    0.18770E+01    0.18056E+00
    0.19149E+01    0.17201E+00
    0.19536E+01    0.16387E+00
    0.19930E+01    0.15611E+00
    0.20333E+01    0.14869E+00
    0.20744E+01    0.14163E+00
    0.21163E+01    0.13489E+00
    0.21590E+01    0.12846E+00
    0.22026E+01    0.12233E+00
    0.22471E+01    0.11649E+00
    0.22925E+01    0.11092E+00
    0.23388E+01    0.10561E+00
    0.23861E+01    0.10054E+00
    0.24343E+01    0.95718E-01
    0.24835E+01    0.91120E-01
    0.25336E+01    0.86735E-01
    0.25848E+01    0.82560E-01
    0.26370E+01    0.78578E-01
    0.26903E+01    0.74787E-01
    0.27447E+01    0.71172E-01
    0.28001E+01    0.67729E-01
    0.28567E+01    0.64450E-01
    0.29144E+01    0.61325E-01
    0.29733E+01    0.58350E-01
    0.30333E+01    0.55514E-01
    0.30946E+01    0.52815E-01
    0.31571E+01    0.50243E-01
    0.32209E+01    0.47796E-01
    0.32860E+01    0.45464E-01
    0.33523E+01    0.43244E-01
    0.34201E+01    0.41131E-01
    0.34892E+01    0.39118E-01
    0.35596E+01    0.37202E-01
    0.36316E+01    0.35378E-01
    0.37049E+01    0.33643E-01
    0.37798E+01    0.31990E-01
    0.38561E+01    0.30417E-01
    0.39340E+01    0.28921E-01
    0.40135E+01    0.27496E-01
    0.40946E+01    0.26141E-01
    0.41773E+01    0.24851E-01
    0.42617E+01    0.23623E-01
    0.43478E+01    0.22456E-01
    0.44356E+01    0.21345E-01
    0.45252E+01    0.20288E-01
    0.46166E+01    0.19282E-01
    0.47099E+01    0.18326E-01
    0.48050E+01    0.17416E-01
    0.49021E+01    0.16551E-01
    0.50011E+01    0.15728E-01
    0.51021E+01    0.14945E-01
    0.52052E+01    0.14200E-01
    0.53104E+01    0.13492E-01
    0.54176E+01    0.12819E-01
    0.55271E+01    0.12179E-01
    0.56387E+01    0.11570E-01
    0.57526E+01    0.10992E-01
    0.58689E+01    0.10442E-01
    0.59874E+01    0.99185E-02
    0.61084E+01    0.94213E-02
    0.62318E+01    0.89486E-02
    0.63577E+01    0.84994E-02
    0.64861E+01    0.80723E-02
    0.66171E+01    0.76664E-02
    0.67508E+01    0.72806E-02
    0.68872E+01    0.69140E-02
    0.70263E+01    0.65655E-02
    0.71682E+01    0.62344E-02
    0.73130E+01    0.59198E-02
    0.74608E+01    0.56209E-02
    0.76115E+01    0.53368E-02
    0.77653E+01    0.50669E-02
    0.79221E+01    0.48105E-02
    0.80822E+01    0.45669E-02
    0.82454E+01    0.43354E-02
    0.84120E+01    0.41156E-02
    0.85819E+01    0.39068E-02
    0.87553E+01    0.37084E-02
    0.89322E+01    0.35200E-02
    0.91126E+01    0.33410E-02
    0.92967E+01    0.31710E-02
    0.94845E+01    0.30095E-02
    0.96761E+01    0.28562E-02
    0.98716E+01    0.27106E-02
    0.10071E+02    0.25724E-02
    0.10274E+02    0.24411E-02
    0.10482E+02    0.23164E-02
    0.10694E+02    0.21980E-02
    0.10910E+02    0.20856E-02
    0.11130E+02    0.19789E-02
    0.11355E+02    0.18776E-02
    0.11584E+02    0.17814E-02
    0.11818E+02    0.16901E-02
    0.12057E+02    0.16034E-02
    0.12301E+02    0.15211E-02
    0.12549E+02    0.14430E-02
    0.12803E+02    0.13689E-02
    0.13061E+02    0.12985E-02
    0.13325E+02    0.12317E-02
    0.13594E+02    0.11683E-02
    0.13869E+02    0.11082E-02
    0.14149E+02    0.10511E-02
    0.14435E+02    0.99689E-03
    0.14727E+02    0.94547E-03
    0.15024E+02    0.89668E-03
    0.15328E+02    0.85037E-03
    0.15637E+02    0.80644E-03
    0.15953E+02    0.76475E-03
    0.16275E+02    0.72520E-03
    0.16604E+02    0.68768E-03
    0.16940E+02    0.65207E-03
    0.17282E+02    0.61829E-03
    0.17631E+02    0.58625E-03
    0.17987E+02    0.55585E-03
    0.18351E+02    0.52701E-03
    0.18721E+02    0.49966E-03
    0.19099E+02    0.47371E-03
    0.19485E+02    0.44909E-03
    0.19879E+02    0.42575E-03
    0.20280E+02    0.40360E-03
    0.20690E+02    0.38260E-03
    0.21108E+02    0.36268E-03
    0.21535E+02    0.34379E-03
    0.21970E+02    0.32588E-03
    0.22413E+02    0.30888E-03
    0.22866E+02    0.29277E-03
    0.23328E+02    0.27749E-03
    0.23799E+02    0.26300E-03
    0.24280E+02    0.24927E-03
    0.24771E+02    0.23624E-03
    0.25271E+02    0.22389E-03
    0.25782E+02    0.21217E-03
    0.26302E+02    0.20107E-03
    0.26834E+02    0.19054E-03
    0.27376E+02    0.18056E-03
    0.27929E+02    0.17110E-03
    0.28493E+02    0.16213E-03
    0.29069E+02    0.15362E-03
    0.29656E+02    0.14556E-03
    0.30255E+02    0.13792E-03
    0.30866E+02    0.13067E-03
    0.31490E+02    0.12381E-03
    0.32126E+02    0.11730E-03
    0.32775E+02    0.11113E-03
    0.33437E+02    0.10528E-03
    0.34112E+02    0.99738E-04
    0.34801E+02    0.94485E-04
    0.35504E+02    0.89507E-04
    0.36222E+02    0.84789E-04
    0.36953E+02    0.80317E-04
    0.37700E+02    0.76080E-04
    0.38462E+02    0.72064E-04
    0.39239E+02    0.68258E-04
    0.40031E+02    0.64652E-04
    0.40840E+02    0.61235E-04
    0.41665E+02    0.57997E-04
    0.42507E+02    0.54930E-04
    0.43365E+02    0.52023E-04
    0.44241E+02    0.49268E-04
    0.45135E+02    0.46659E-04
    0.46047E+02    0.44186E-04
    0.46977E+02    0.41844E-04
    0.47926E+02    0.39624E-04
    0.48894E+02    0.37522E-04
    0.49882E+02    0.35530E-04
    0.50890E+02    0.33643E-04
    0.51918E+02    0.31856E-04
    0.52966E+02    0.30162E-04
    0.54036E+02    0.28558E-04
    0.55128E+02    0.27039E-04
    0.56242E+02    0.25600E-04
    0.57378E+02    0.24237E-04
    0.58537E+02    0.22946E-04
    0.59720E+02    0.21723E-04
    0.60926E+02    0.20564E-04
    0.62157E+02    0.19467E-04
    0.63412E+02    0.18428E-04
    0.64693E+02    0.17444E-04
    0.66000E+02    0.16512E-04
    0.67334E+02    0.15630E-04
    0.68694E+02    0.14794E-04
    0.70082E+02    0.14002E-04
    0.71497E+02    0.13253E-04
    0.72942E+02    0.12543E-04
    0.74415E+02    0.11871E-04
    0.75918E+02    0.11235E-04
    0.77452E+02    0.10632E-04
    0.79017E+02    0.10062E-04
    0.80613E+02    0.95216E-05
    0.82241E+02    0.90101E-05
    0.83903E+02    0.85259E-05
    0.85598E+02    0.80674E-05
    0.87327E+02    0.76334E-05
    0.89091E+02    0.72224E-05
    0.90891E+02    0.68334E-05
    0.92727E+02    0.64651E-05
    0.94600E+02    0.61165E-05
    0.96511E+02    0.57865E-05
    0.98461E+02    0.54741E-05
    0.10045E+03    0.51783E-05
    0.10248E+03    0.48984E-05
    0.10455E+03    0.46335E-05
    0.10666E+03    0.43827E-05
    0.10882E+03    0.41453E-05
    0.11101E+03    0.39206E-05
    0.11326E+03    0.37080E-05
    0.11554E+03    0.35068E-05
    0.11788E+03    0.33163E-05
    0.12026E+03    0.31361E-05
    0.12269E+03    0.29655E-05
    0.12517E+03    0.28041E-05
    0.12770E+03    0.26514E-05
    0.13028E+03    0.25068E-05
    0.13291E+03    0.23700E-05
    0.13559E+03    0.22406E-05
    0.13833E+03    0.21182E-05
    0.14113E+03    0.20023E-05
    0.14398E+03    0.18927E-05
    0.14689E+03    0.17890E-05
    0.14985E+03    0.16909E-05
    0.15288E+03    0.15981E-05
    0.15597E+03    0.15103E-05
    0.15912E+03    0.14272E-05
    0.16233E+03    0.13486E-05
    0.16561E+03    0.12743E-05
    0.16896E+03    0.12040E-05
    0.17237E+03    0.11375E-05
    0.17585E+03    0.10746E-05
    0.17941E+03    0.10151E-05
    0.18303E+03    0.95882E-06
    0.18673E+03    0.90562E-06
    0.19050E+03    0.85530E-06
    0.19435E+03    0.80772E-06
    0.19828E+03    0.76273E-06
