    0.10000E-03    0.52508E+01
    0.10202E-03    0.53525E+01
    0.10408E-03    0.54563E+01
    0.10618E-03    0.55620E+01
    0.10833E-03    0.56698E+01
    0.11052E-03    0.57797E+01
    0.11275E-03    0.58917E+01
    0.11503E-03    0.60059E+01
    0.11735E-03    0.61223E+01
    0.11972E-03    0.62409E+01
    0.12214E-03    0.63618E+01
    0.12461E-03    0.64851E+01
    0.12712E-03    0.66108E+01
    0.12969E-03    0.67389E+01
    0.13231E-03    0.68694E+01
    0.13499E-03    0.70025E+01
    0.13771E-03    0.71382E+01
    0.14049E-03    0.72765E+01
    0.14333E-03    0.74175E+01
    0.14623E-03    0.75612E+01
    0.14918E-03    0.77077E+01
    0.15220E-03    0.78571E+01
    0.15527E-03    0.80093E+01
    0.15841E-03    0.81644E+01
    0.16161E-03    0.83226E+01
    0.16487E-03    0.84838E+01
    0.16820E-03    0.86482E+01
    0.17160E-03    0.88157E+01
    0.17507E-03    0.89864E+01
    0.17860E-03    0.91605E+01
    0.18221E-03    0.93379E+01
    0.18589E-03    0.95188E+01
    0.18965E-03    0.97031E+01
    0.19348E-03    0.98911E+01
    0.19739E-03    0.10083E+02
    0.20138E-03    0.10278E+02
    0.20544E-03    0.10477E+02
    0.20959E-03    0.10680E+02
    0.21383E-03    0.10887E+02
    0.21815E-03    0.11097E+02
    0.22255E-03    0.11312E+02
    0.22705E-03    0.11531E+02
    0.23164E-03    0.11754E+02
    0.23632E-03    0.11982E+02
    0.24109E-03    0.12214E+02
    0.24596E-03    0.12450E+02
    0.25093E-03    0.12691E+02
    0.25600E-03    0.12937E+02
    0.26117E-03    0.13187E+02
    0.26645E-03    0.13442E+02
    0.27183E-03    0.13702E+02
    0.27732E-03    0.13968E+02
    0.28292E-03    0.14238E+02
    0.28864E-03    0.14513E+02
    0.29447E-03    0.14794E+02
    0.30042E-03    0.15080E+02
    0.30649E-03    0.15372E+02
    0.31268E-03    0.15669E+02
    0.31899E-03    0.15972E+02
    0.32544E-03    0.16281E+02
    0.33201E-03    0.16595E+02
    0.33872E-03    0.16916E+02
    0.34556E-03    0.17243E+02
    0.35254E-03    0.17576E+02
    0.35966E-03    0.17916E+02
    0.36693E-03    0.18262E+02
    0.37434E-03    0.18615E+02
    0.38190E-03    0.18974E+02
    0.38962E-03    0.19340E+02
    0.39749E-03    0.19714E+02
    0.40552E-03    0.20094E+02
    0.41371E-03    0.20482E+02
    0.42207E-03    0.20877E+02
    0.43060E-03    0.21280E+02
    0.43929E-03    0.21691E+02
    0.44817E-03    0.22109E+02
    0.45722E-03    0.22535E+02
    0.46646E-03    0.22970E+02
    0.47588E-03    0.23412E+02
    0.48550E-03    0.23863E+02
    0.49530E-03    0.24323E+02
    0.50531E-03    0.24792E+02
    0.51552E-03    0.25269E+02
    0.52593E-03    0.25755E+02
    0.53656E-03    0.26251E+02
    0.54739E-03    0.26756E+02
    0.55845E-03    0.27270E+02
    0.56973E-03    0.27795E+02
    0.58124E-03    0.28329E+02
    0.59299E-03    0.28873E+02
    0.60496E-03    0.29428E+02
    0.61719E-03    0.29993E+02
    0.62965E-03    0.30568E+02
    0.64237E-03    0.31154E+02
    0.65535E-03    0.31752E+02
    0.66859E-03    0.32360E+02
    0.68210E-03    0.32980E+02
    0.69588E-03    0.33612E+02
    0.70993E-03    0.34255E+02
    0.72427E-03    0.34910E+02
    0.73891E-03    0.35578E+02
    0.75383E-03    0.36258E+02
    0.76906E-03    0.36950E+02
    0.78460E-03    0.37655E+02
    0.80045E-03    0.38374E+02
    0.81662E-03    0.39105E+02
    0.83311E-03    0.39850E+02
    0.84994E-03    0.40609E+02
    0.86711E-03    0.41381E+02
    0.88463E-03    0.42168E+02
    0.90250E-03    0.42969E+02
    0.92073E-03    0.43784E+02
    0.93933E-03    0.44614E+02
    0.95831E-03    0.45460E+02
    0.97767E-03    0.46320E+02
    0.99742E-03    0.47196E+02
    0.10176E-02    0.48088E+02
    0.10381E-02    0.48995E+02
    0.10591E-02    0.49919E+02
    0.10805E-02    0.50859E+02
    0.11023E-02    0.51816E+02
    0.11246E-02    0.52790E+02
    0.11473E-02    0.53781E+02
    0.11705E-02    0.54789E+02
    0.11941E-02    0.55815E+02
    0.12182E-02    0.56859E+02
    0.12429E-02    0.57920E+02
    0.12680E-02    0.59000E+02
    0.12936E-02    0.60099E+02
    0.13197E-02    0.61216E+02
    0.13464E-02    0.62352E+02
    0.13736E-02    0.63507E+02
    0.14013E-02    0.64682E+02
    0.14296E-02    0.65876E+02
    0.14585E-02    0.67091E+02
    0.14880E-02    0.68325E+02
    0.15180E-02    0.69580E+02
    0.15487E-02    0.70855E+02
    0.15800E-02    0.72151E+02
    0.16119E-02    0.73467E+02
    0.16445E-02    0.74805E+02
    0.16777E-02    0.76164E+02
    0.17116E-02    0.77545E+02
    0.17462E-02    0.78947E+02
    0.17814E-02    0.80371E+02
    0.18174E-02    0.81817E+02
    0.18541E-02    0.83285E+02
    0.18916E-02    0.84776E+02
    0.19298E-02    0.86289E+02
    0.19688E-02    0.87824E+02
    0.20086E-02    0.89382E+02
    0.20491E-02    0.90963E+02
    0.20905E-02    0.92567E+02
    0.21328E-02    0.94194E+02
    0.21758E-02    0.95843E+02
    0.22198E-02    0.97516E+02
    0.22646E-02    0.99213E+02
    0.23104E-02    0.10093E+03
    0.23571E-02    0.10267E+03
    0.24047E-02    0.10444E+03
    0.24533E-02    0.10623E+03
    0.25028E-02    0.10804E+03
    0.25534E-02    0.10988E+03
    0.26050E-02    0.11174E+03
    0.26576E-02    0.11362E+03
    0.27113E-02    0.11553E+03
    0.27660E-02    0.11746E+03
    0.28219E-02    0.11941E+03
    0.28789E-02    0.12138E+03
    0.29371E-02    0.12338E+03
    0.29964E-02    0.12540E+03
    0.30569E-02    0.12744E+03
    0.31187E-02    0.12951E+03
    0.31817E-02    0.13159E+03
    0.32460E-02    0.13370E+03
    0.33115E-02    0.13583E+03
    0.33784E-02    0.13799E+03
    0.34467E-02    0.14016E+03
    0.35163E-02    0.14235E+03
    0.35874E-02    0.14457E+03
    0.36598E-02    0.14680E+03
    0.37338E-02    0.14905E+03
    0.38092E-02    0.15132E+03
    0.38861E-02    0.15362E+03
    0.39646E-02    0.15593E+03
    0.40447E-02    0.15825E+03
    0.41264E-02    0.16060E+03
    0.42098E-02    0.16296E+03
    0.42948E-02    0.16534E+03
    0.43816E-02    0.16773E+03
    0.44701E-02    0.17014E+03
    0.45604E-02    0.17256E+03
    0.46525E-02    0.17500E+03
    0.47465E-02    0.17744E+03
    0.48424E-02    0.17990E+03
    0.49402E-02    0.18238E+03
    0.50400E-02    0.18486E+03
    0.51419E-02    0.18735E+03
    0.52457E-02    0.18985E+03
    0.53517E-02    0.19236E+03
    0.54598E-02    0.19488E+03
    0.55701E-02    0.19740E+03
    0.56826E-02    0.19993E+03
    0.57974E-02    0.20246E+03
    0.59145E-02    0.20499E+03
    0.60340E-02    0.20752E+03
    0.61559E-02    0.21006E+03
    0.62803E-02    0.21259E+03
    0.64072E-02    0.21512E+03
    0.65366E-02    0.21765E+03
    0.66686E-02    0.22018E+03
    0.68033E-02    0.22269E+03
    0.69408E-02    0.22520E+03
    0.70810E-02    0.22770E+03
    0.72240E-02    0.23019E+03
    0.73700E-02    0.23267E+03
    0.75189E-02    0.23513E+03
    0.76708E-02    0.23757E+03
    0.78257E-02    0.24000E+03
    0.79838E-02    0.24241E+03
    0.81451E-02    0.24480E+03
    0.83096E-02    0.24723E+03
    0.84775E-02    0.24957E+03
    0.86488E-02    0.25188E+03
    0.88235E-02    0.25416E+03
    0.90017E-02    0.25641E+03
    0.91836E-02    0.25862E+03
    0.93691E-02    0.26079E+03
    0.95583E-02    0.26293E+03
    0.97514E-02    0.26502E+03
    0.99484E-02    0.26707E+03
    0.10149E-01    0.26907E+03
    0.10354E-01    0.27103E+03
    0.10564E-01    0.27292E+03
    0.10777E-01    0.27473E+03
    0.10995E-01    0.27651E+03
    0.11217E-01    0.27823E+03
    0.11443E-01    0.27989E+03
    0.11675E-01    0.28149E+03
    0.11910E-01    0.28301E+03
    0.12151E-01    0.28447E+03
    0.12397E-01    0.28585E+03
    0.12647E-01    0.28715E+03
    0.12902E-01    0.28838E+03
    0.13163E-01    0.28953E+03
    0.13429E-01    0.29059E+03
    0.13700E-01    0.29156E+03
    0.13977E-01    0.29244E+03
    0.14259E-01    0.29322E+03
    0.14547E-01    0.29390E+03
    0.14841E-01    0.29449E+03
    0.15141E-01    0.29496E+03
    0.15447E-01    0.29533E+03
    0.15759E-01    0.29559E+03
    0.16077E-01    0.29573E+03
    0.16402E-01    0.29576E+03
    0.16734E-01    0.29567E+03
    0.17072E-01    0.29546E+03
    0.17416E-01    0.29513E+03
    0.17768E-01    0.29468E+03
    0.18127E-01    0.29409E+03
    0.18493E-01    0.29338E+03
    0.18867E-01    0.29254E+03
    0.19248E-01    0.29156E+03
    0.19637E-01    0.29046E+03
    0.20034E-01    0.28921E+03
    0.20438E-01    0.28783E+03
    0.20851E-01    0.28632E+03
    0.21272E-01    0.28467E+03
    0.21702E-01    0.28288E+03
    0.22141E-01    0.28096E+03
    0.22588E-01    0.27890E+03
    0.23044E-01    0.27670E+03
    0.23510E-01    0.27438E+03
    0.23985E-01    0.27192E+03
    0.24469E-01    0.26934E+03
    0.24964E-01    0.26663E+03
    0.25468E-01    0.26381E+03
    0.25982E-01    0.26086E+03
    0.26507E-01    0.25781E+03
    0.27043E-01    0.25464E+03
    0.27589E-01    0.25137E+03
    0.28146E-01    0.24801E+03
    0.28715E-01    0.24456E+03
    0.29295E-01    0.24102E+03
    0.29887E-01    0.23741E+03
    0.30490E-01    0.23373E+03
    0.31106E-01    0.22999E+03
    0.31735E-01    0.22621E+03
    0.32376E-01    0.22238E+03
    0.33030E-01    0.21852E+03
    0.33697E-01    0.21464E+03
    0.34378E-01    0.21075E+03
    0.35072E-01    0.20686E+03
    0.35781E-01    0.20298E+03
    0.36504E-01    0.19912E+03
    0.37241E-01    0.19529E+03
    0.37993E-01    0.19148E+03
    0.38761E-01    0.18769E+03
    0.39544E-01    0.18395E+03
    0.40343E-01    0.18029E+03
    0.41158E-01    0.17670E+03
    0.41989E-01    0.17321E+03
    0.42838E-01    0.16982E+03
    0.43703E-01    0.16654E+03
    0.44586E-01    0.16337E+03
    0.45486E-01    0.16033E+03
    0.46405E-01    0.15740E+03
    0.47343E-01    0.15460E+03
    0.48299E-01    0.15192E+03
    0.49275E-01    0.14936E+03
    0.50270E-01    0.14691E+03
    0.51286E-01    0.14457E+03
    0.52322E-01    0.14233E+03
    0.53379E-01    0.14018E+03
    0.54457E-01    0.13811E+03
    0.55557E-01    0.13612E+03
    0.56680E-01    0.13419E+03
    0.57825E-01    0.13232E+03
    0.58993E-01    0.13048E+03
    0.60184E-01    0.12889E+03
    0.61400E-01    0.12713E+03
    0.62641E-01    0.12538E+03
    0.63906E-01    0.12361E+03
    0.65197E-01    0.12181E+03
    0.66514E-01    0.11996E+03
    0.67858E-01    0.11804E+03
    0.69229E-01    0.11605E+03
    0.70627E-01    0.11395E+03
    0.72054E-01    0.11174E+03
    0.73510E-01    0.10941E+03
    0.74994E-01    0.10695E+03
    0.76509E-01    0.10436E+03
    0.78055E-01    0.10164E+03
    0.79632E-01    0.98816E+02
    0.81241E-01    0.95892E+02
    0.82882E-01    0.92894E+02
    0.84556E-01    0.89846E+02
    0.86264E-01    0.86775E+02
    0.88007E-01    0.83710E+02
    0.89785E-01    0.80678E+02
    0.91598E-01    0.77708E+02
    0.93449E-01    0.74826E+02
    0.95337E-01    0.72058E+02
    0.97263E-01    0.69427E+02
    0.99227E-01    0.66954E+02
    0.10123E+00    0.64657E+02
    0.10328E+00    0.62549E+02
    0.10536E+00    0.60636E+02
    0.10749E+00    0.58919E+02
    0.10966E+00    0.57391E+02
    0.11188E+00    0.56038E+02
    0.11414E+00    0.54838E+02
    0.11644E+00    0.53765E+02
    0.11880E+00    0.52786E+02
    0.12120E+00    0.51865E+02
    0.12365E+00    0.50963E+02
    0.12614E+00    0.50039E+02
    0.12869E+00    0.49054E+02
    0.13129E+00    0.47973E+02
    0.13394E+00    0.46770E+02
    0.13665E+00    0.45433E+02
    0.13941E+00    0.43967E+02
    0.14223E+00    0.42389E+02
    0.14510E+00    0.40731E+02
    0.14803E+00    0.39030E+02
    0.15102E+00    0.37326E+02
    0.15407E+00    0.35658E+02
    0.15718E+00    0.34063E+02
    0.16036E+00    0.32575E+02
    0.16360E+00    0.31227E+02
    0.16690E+00    0.30038E+02
    0.17028E+00    0.29016E+02
    0.17371E+00    0.28152E+02
    0.17722E+00    0.27419E+02
    0.18080E+00    0.26779E+02
    0.18446E+00    0.26189E+02
    0.18818E+00    0.25610E+02
    0.19198E+00    0.25004E+02
    0.19586E+00    0.24338E+02
    0.19982E+00    0.23593E+02
    0.20386E+00    0.22761E+02
    0.20797E+00    0.21856E+02
    0.21218E+00    0.20908E+02
    0.21646E+00    0.19953E+02
    0.22083E+00    0.19030E+02
    0.22530E+00    0.18172E+02
    0.22985E+00    0.17405E+02
    0.23449E+00    0.16742E+02
    0.23923E+00    0.16179E+02
    0.24406E+00    0.15697E+02
    0.24899E+00    0.15261E+02
    0.25402E+00    0.14838E+02
    0.25915E+00    0.14397E+02
    0.26439E+00    0.13920E+02
    0.26973E+00    0.13401E+02
    0.27518E+00    0.12847E+02
    0.28074E+00    0.12280E+02
    0.28641E+00    0.11727E+02
    0.29219E+00    0.11214E+02
    0.29810E+00    0.10755E+02
    0.30412E+00    0.10351E+02
    0.31026E+00    0.99937E+01
    0.31653E+00    0.96644E+01
    0.32292E+00    0.93420E+01
    0.32945E+00    0.90100E+01
    0.33610E+00    0.86614E+01
    0.34289E+00    0.83011E+01
    0.34982E+00    0.79419E+01
    0.35689E+00    0.75990E+01
    0.36409E+00    0.72833E+01
    0.37145E+00    0.69973E+01
    0.37895E+00    0.67358E+01
    0.38661E+00    0.64885E+01
    0.39442E+00    0.62437E+01
    0.40239E+00    0.59953E+01
    0.41052E+00    0.57456E+01
    0.41881E+00    0.55008E+01
    0.42727E+00    0.52685E+01
    0.43590E+00    0.50527E+01
    0.44471E+00    0.48518E+01
    0.45369E+00    0.46607E+01
    0.46286E+00    0.44740E+01
    0.47221E+00    0.42897E+01
    0.48174E+00    0.41092E+01
    0.49148E+00    0.39354E+01
    0.50141E+00    0.37707E+01
    0.51153E+00    0.36149E+01
    0.52187E+00    0.34665E+01
    0.53241E+00    0.33230E+01
    0.54317E+00    0.31832E+01
    0.55414E+00    0.30478E+01
    0.56533E+00    0.29183E+01
    0.57675E+00    0.27951E+01
    0.58840E+00    0.26775E+01
    0.60029E+00    0.25642E+01
    0.61242E+00    0.24546E+01
    0.62479E+00    0.23493E+01
    0.63741E+00    0.22486E+01
    0.65029E+00    0.21522E+01
    0.66342E+00    0.20597E+01
    0.67683E+00    0.19710E+01
    0.69050E+00    0.18857E+01
    0.70445E+00    0.18038E+01
    0.71868E+00    0.17255E+01
    0.73320E+00    0.16505E+01
    0.74801E+00    0.15785E+01
    0.76312E+00    0.15094E+01
    0.77854E+00    0.14433E+01
    0.79426E+00    0.13800E+01
    0.81031E+00    0.13192E+01
    0.82668E+00    0.12611E+01
    0.84338E+00    0.12053E+01
    0.86041E+00    0.11519E+01
    0.87780E+00    0.11009E+01
    0.89553E+00    0.10519E+01
    0.91362E+00    0.10050E+01
    0.93208E+00    0.96020E+00
    0.95091E+00    0.91724E+00
    0.97011E+00    0.87616E+00
    0.98971E+00    0.83683E+00
    0.10097E+01    0.79918E+00
    0.10301E+01    0.76321E+00
    0.10509E+01    0.72874E+00
    0.10721E+01    0.69580E+00
    0.10938E+01    0.66426E+00
    0.11159E+01    0.63412E+00
    0.11384E+01    0.60528E+00
    0.11614E+01    0.57772E+00
    0.11849E+01    0.55137E+00
    0.12088E+01    0.52618E+00
    0.12333E+01    0.50210E+00
    0.12582E+01    0.47908E+00
    0.12836E+01    0.45708E+00
    0.13095E+01    0.43606E+00
    0.13360E+01    0.41597E+00
    0.13630E+01    0.39678E+00
    0.13905E+01    0.37843E+00
    0.14186E+01    0.36092E+00
    0.14472E+01    0.34419E+00
    0.14765E+01    0.32821E+00
    0.15063E+01    0.31296E+00
    0.15367E+01    0.29838E+00
    0.15678E+01    0.28446E+00
    0.15994E+01    0.27118E+00
    0.16318E+01    0.25850E+00
    0.16647E+01    0.24639E+00
    0.16984E+01    0.23484E+00
    0.17327E+01    0.22381E+00
    0.17677E+01    0.21328E+00
    0.18034E+01    0.20324E+00
    0.18398E+01    0.19365E+00
    0.18770E+01    0.18451E+00
    0.19149E+01    0.17578E+00
    0.19536E+01    0.16746E+00
    0.19930E+01    0.15952E+00
    0.20333E+01    0.15195E+00
    0.20744E+01    0.14473E+00
    0.21163E+01    0.13784E+00
    0.21590E+01    0.13127E+00
    0.22026E+01    0.12501E+00
    0.22471E+01    0.11904E+00
    0.22925E+01    0.11335E+00
    0.23388E+01    0.10792E+00
    0.23861E+01    0.10275E+00
    0.24343E+01    0.97817E-01
    0.24835E+01    0.93117E-01
    0.25336E+01    0.88638E-01
    0.25848E+01    0.84369E-01
    0.26370E+01    0.80302E-01
    0.26903E+01    0.76426E-01
    0.27447E+01    0.72733E-01
    0.28001E+01    0.69215E-01
    0.28567E+01    0.65863E-01
    0.29144E+01    0.62670E-01
    0.29733E+01    0.59629E-01
    0.30333E+01    0.56732E-01
    0.30946E+01    0.53973E-01
    0.31571E+01    0.51346E-01
    0.32209E+01    0.48844E-01
    0.32860E+01    0.46461E-01
    0.33523E+01    0.44193E-01
    0.34201E+01    0.42033E-01
    0.34892E+01    0.39976E-01
    0.35596E+01    0.38018E-01
    0.36316E+01    0.36155E-01
    0.37049E+01    0.34381E-01
    0.37798E+01    0.32692E-01
    0.38561E+01    0.31085E-01
    0.39340E+01    0.29555E-01
    0.40135E+01    0.28100E-01
    0.40946E+01    0.26714E-01
    0.41773E+01    0.25396E-01
    0.42617E+01    0.24142E-01
    0.43478E+01    0.22948E-01
    0.44356E+01    0.21813E-01
    0.45252E+01    0.20733E-01
    0.46166E+01    0.19706E-01
    0.47099E+01    0.18728E-01
    0.48050E+01    0.17798E-01
    0.49021E+01    0.16914E-01
    0.50011E+01    0.16073E-01
    0.51021E+01    0.15273E-01
    0.52052E+01    0.14512E-01
    0.53104E+01    0.13788E-01
    0.54176E+01    0.13101E-01
    0.55271E+01    0.12446E-01
    0.56387E+01    0.11824E-01
    0.57526E+01    0.11233E-01
    0.58689E+01    0.10671E-01
    0.59874E+01    0.10136E-01
    0.61084E+01    0.96281E-02
    0.62318E+01    0.91450E-02
    0.63577E+01    0.86859E-02
    0.64861E+01    0.82495E-02
    0.66171E+01    0.78347E-02
    0.67508E+01    0.74404E-02
    0.68872E+01    0.70658E-02
    0.70263E+01    0.67097E-02
    0.71682E+01    0.63713E-02
    0.73130E+01    0.60498E-02
    0.74608E+01    0.57443E-02
    0.76115E+01    0.54540E-02
    0.77653E+01    0.51782E-02
    0.79221E+01    0.49161E-02
    0.80822E+01    0.46672E-02
    0.82454E+01    0.44306E-02
    0.84120E+01    0.42059E-02
    0.85819E+01    0.39925E-02
    0.87553E+01    0.37898E-02
    0.89322E+01    0.35972E-02
    0.91126E+01    0.34143E-02
    0.92967E+01    0.32406E-02
    0.94845E+01    0.30756E-02
    0.96761E+01    0.29189E-02
    0.98716E+01    0.27701E-02
    0.10071E+02    0.26288E-02
    0.10274E+02    0.24947E-02
    0.10482E+02    0.23673E-02
    0.10694E+02    0.22463E-02
    0.10910E+02    0.21314E-02
    0.11130E+02    0.20224E-02
    0.11355E+02    0.19188E-02
    0.11584E+02    0.18205E-02
    0.11818E+02    0.17272E-02
    0.12057E+02    0.16386E-02
    0.12301E+02    0.15545E-02
    0.12549E+02    0.14747E-02
    0.12803E+02    0.13989E-02
    0.13061E+02    0.13270E-02
    0.13325E+02    0.12588E-02
    0.13594E+02    0.11940E-02
    0.13869E+02    0.11325E-02
    0.14149E+02    0.10741E-02
    0.14435E+02    0.10188E-02
    0.14727E+02    0.96623E-03
    0.15024E+02    0.91636E-03
    0.15328E+02    0.86904E-03
    0.15637E+02    0.82415E-03
    0.15953E+02    0.78154E-03
    0.16275E+02    0.74112E-03
    0.16604E+02    0.70277E-03
    0.16940E+02    0.66639E-03
    0.17282E+02    0.63187E-03
    0.17631E+02    0.59912E-03
    0.17987E+02    0.56805E-03
    0.18351E+02    0.53858E-03
    0.18721E+02    0.51063E-03
    0.19099E+02    0.48411E-03
    0.19485E+02    0.45895E-03
    0.19879E+02    0.43509E-03
    0.20280E+02    0.41246E-03
    0.20690E+02    0.39100E-03
    0.21108E+02    0.37064E-03
    0.21535E+02    0.35134E-03
    0.21970E+02    0.33303E-03
    0.22413E+02    0.31567E-03
    0.22866E+02    0.29920E-03
    0.23328E+02    0.28358E-03
    0.23799E+02    0.26878E-03
    0.24280E+02    0.25474E-03
    0.24771E+02    0.24142E-03
    0.25271E+02    0.22880E-03
    0.25782E+02    0.21683E-03
    0.26302E+02    0.20548E-03
    0.26834E+02    0.19472E-03
    0.27376E+02    0.18452E-03
    0.27929E+02    0.17485E-03
    0.28493E+02    0.16569E-03
    0.29069E+02    0.15699E-03
    0.29656E+02    0.14876E-03
    0.30255E+02    0.14095E-03
    0.30866E+02    0.13354E-03
    0.31490E+02    0.12652E-03
    0.32126E+02    0.11987E-03
    0.32775E+02    0.11357E-03
    0.33437E+02    0.10759E-03
    0.34112E+02    0.10193E-03
    0.34801E+02    0.96559E-04
    0.35504E+02    0.91471E-04
    0.36222E+02    0.86649E-04
    0.36953E+02    0.82080E-04
    0.37700E+02    0.77749E-04
    0.38462E+02    0.73645E-04
    0.39239E+02    0.69756E-04
    0.40031E+02    0.66071E-04
    0.40840E+02    0.62579E-04
    0.41665E+02    0.59270E-04
    0.42507E+02    0.56135E-04
    0.43365E+02    0.53164E-04
    0.44241E+02    0.50349E-04
    0.45135E+02    0.47683E-04
    0.46047E+02    0.45156E-04
    0.46977E+02    0.42762E-04
    0.47926E+02    0.40494E-04
    0.48894E+02    0.38345E-04
    0.49882E+02    0.36310E-04
    0.50890E+02    0.34381E-04
    0.51918E+02    0.32555E-04
    0.52966E+02    0.30824E-04
    0.54036E+02    0.29185E-04
    0.55128E+02    0.27632E-04
    0.56242E+02    0.26161E-04
    0.57378E+02    0.24768E-04
    0.58537E+02    0.23449E-04
    0.59720E+02    0.22199E-04
    0.60926E+02    0.21015E-04
    0.62157E+02    0.19894E-04
    0.63412E+02    0.18832E-04
    0.64693E+02    0.17827E-04
    0.66000E+02    0.16874E-04
    0.67334E+02    0.15972E-04
    0.68694E+02    0.15118E-04
    0.70082E+02    0.14310E-04
    0.71497E+02    0.13544E-04
    0.72942E+02    0.12818E-04
    0.74415E+02    0.12132E-04
    0.75918E+02    0.11481E-04
    0.77452E+02    0.10865E-04
    0.79017E+02    0.10282E-04
    0.80613E+02    0.97303E-05
    0.82241E+02    0.92076E-05
    0.83903E+02    0.87127E-05
    0.85598E+02    0.82442E-05
    0.87327E+02    0.78006E-05
    0.89091E+02    0.73807E-05
    0.90891E+02    0.69831E-05
    0.92727E+02    0.66068E-05
    0.94600E+02    0.62505E-05
    0.96511E+02    0.59132E-05
    0.98461E+02    0.55940E-05
    0.10045E+03    0.52917E-05
    0.10248E+03    0.50057E-05
    0.10455E+03    0.47349E-05
    0.10666E+03    0.44786E-05
    0.10882E+03    0.42361E-05
    0.11101E+03    0.40065E-05
    0.11326E+03    0.37892E-05
    0.11554E+03    0.35835E-05
    0.11788E+03    0.33889E-05
    0.12026E+03    0.32047E-05
    0.12269E+03    0.30304E-05
    0.12517E+03    0.28654E-05
    0.12770E+03    0.27093E-05
    0.13028E+03    0.25616E-05
    0.13291E+03    0.24219E-05
    0.13559E+03    0.22896E-05
    0.13833E+03    0.21645E-05
    0.14113E+03    0.20461E-05
    0.14398E+03    0.19341E-05
    0.14689E+03    0.18281E-05
    0.14985E+03    0.17278E-05
    0.15288E+03    0.16330E-05
    0.15597E+03    0.15432E-05
    0.15912E+03    0.14583E-05
    0.16233E+03    0.13780E-05
    0.16561E+03    0.13021E-05
    0.16896E+03    0.12302E-05
    0.17237E+03    0.11623E-05
    0.17585E+03    0.10980E-05
    0.17941E+03    0.10372E-05
    0.18303E+03    0.97971E-06
    0.18673E+03    0.92534E-06
    0.19050E+03    0.87393E-06
    0.19435E+03    0.82530E-06
    0.19828E+03    0.77933E-06
